SV_delta,ambig_trial,confidence,trial
0.3790154332970461,1.0,3.0,1
-1.0485212471623548,1.0,-4.0,2
-0.1316512795241933,1.0,-3.0,3
-1.6460123373472704,0.0,-4.0,4
-1.9307932375800456,0.0,-4.0,5
0.8888944053531289,0.0,4.0,6
-0.6652040832889792,0.0,-3.0,7
0.1429271308049169,0.0,3.0,8
-1.8551651062628909,0.0,-1.0,9
-0.1185095007684156,0.0,-3.0,10
-1.6644769289483154,0.0,-4.0,11
-0.4835797281393796,0.0,,12
-1.8551651062628909,0.0,-4.0,13
-1.3167266931593993,0.0,-4.0,14
-1.232645129464184,1.0,-4.0,15
0.4189961506323083,0.0,3.0,16
-1.411171357837191,0.0,-4.0,17
-0.6652040832889792,0.0,-4.0,18
-1.116821351577593,0.0,-4.0,19
-0.5435311169937764,0.0,-3.0,20
0.6826756167552328,1.0,3.0,21
0.1429271308049169,0.0,3.0,22
2.442992893995237,0.0,3.0,23
-1.1096512859655436,0.0,-4.0,24
-0.9740085803494742,1.0,-4.0,25
1.0881410891293948,0.0,4.0,26
-1.3759675945972742,0.0,-4.0,27
-0.0143401312240993,0.0,-4.0,28
1.252143115652328,0.0,,29
0.6826756167552328,1.0,3.0,30
-1.154900749208667,0.0,-4.0,31
-1.168688330844891,1.0,-4.0,32
1.0674509538478647,1.0,3.0,33
-1.5190382148768635,0.0,-4.0,34
2.442992893995237,0.0,4.0,35
0.867367778559696,1.0,3.0,36
-1.5190382148768635,0.0,-4.0,37
-0.1316512795241933,1.0,-3.0,38
0.544381586396316,1.0,3.0,39
-1.154900749208667,0.0,-4.0,40
-0.2587383568492949,1.0,-3.0,41
-1.6644769289483154,0.0,-4.0,42
-0.5548256429827718,0.0,-4.0,43
0.7235282522538586,1.0,3.0,44
-0.8932865246355202,1.0,-4.0,45
-1.116821351577593,0.0,-4.0,46
0.8888944053531289,0.0,4.0,47
-0.0143401312240993,0.0,-3.0,48
-0.3760495051493886,1.0,-4.0,49
-0.8187738578226396,0.0,-4.0,50
0.544381586396316,1.0,3.0,51
-1.0485212471623548,1.0,-4.0,52
-1.411171357837191,0.0,-4.0,53
2.9878659594440355,0.0,4.0,54
1.252143115652328,0.0,4.0,55
-1.168688330844891,1.0,-4.0,56
-1.3759675945972742,0.0,-4.0,57
1.0881410891293948,0.0,4.0,58
-0.1185095007684156,0.0,-4.0,59
-0.4835797281393796,0.0,-4.0,60
-0.2587383568492949,1.0,-4.0,61
-0.8932865246355202,1.0,-4.0,62
-1.2916821743435314,1.0,-4.0,63
-1.3167266931593993,0.0,-4.0,64
-0.5548256429827718,0.0,-4.0,65
-0.3760495051493886,1.0,-4.0,66
-0.9740085803494742,1.0,-4.0,67
-1.2916821743435314,1.0,-4.0,68
-0.8187738578226396,0.0,-4.0,69
0.7235282522538586,1.0,4.0,70
0.867367778559696,1.0,4.0,71
-1.232645129464184,1.0,-4.0,72
-1.1096512859655436,0.0,-4.0,73
0.4189961506323083,0.0,4.0,74
1.0674509538478647,1.0,4.0,75
2.9878659594440355,0.0,4.0,76
-1.9307932375800456,0.0,-4.0,77
-1.6460123373472704,0.0,-4.0,78
